681
501
509
666
678
839
551
474
837
716
740
706
699
493
527
708
850
720
530
472
516
517
854
489
495
773
867
852
885
525
557
672
431
514
682
721
877
550
432
732
671
556
727
775
510
532
887
718
552
739
697
717
492
555
772
669
679
685
476
818
853
752
875
774
751
855
766
513
535
731
767
554
696
526
667
475
515
821
841
637
533
802
859
528
864
508
742
791
876
762
828
836
874
534
801
737
725
477
503
790
883
531
741
460
729
494
462
840
506
491
518
886
842
498
763
529
707
884
730
695
490
668
435
728
430
511
862
677
738
676
865
536
473
719
838
675
684
683
851
507
496